300573711
300573818
300573889
300577841
300581124
300583004
300583602
300584049
300586160
300590155
300590760
300593824
300594698
300596635
300597242
300598369
300599738
300603453
300603542
300610871
300623630
300623833
300624369
300624725
300626427
300627543
300630607
300633674
300633980
300636282
300643469
300648402
300649276
300658122
300658268
300663297
300666496
300670306
300672271
300677197
300678235
300711361
300766596
300826488
300869817
300893558
300908558
300921751
300925568
300952572
301019565
301085533
301090669
301107766
301111533
301112852
301119544
301126777
301178585
301239682
301239839
301245596
301272675
301487610
301491014
301630670
301687707
301703556
301711649
301748537
301767854
301955532
302015534
302277579
302306212
302350276
302422512
302423347
302441434
302449281
302450351
302456817
302463936
302563413