49381
3297
66879
81020
149930
124128
35774
27514
92958
194290
142752
125160
18885
107425
165100
108085
77519
15626
74119
141583
73416
74060
70280
178962
152966
119288
169894
152610
36562
53797
16502
118571
72064
63399
127446
136444
21347
6936
72496
61045
168156
197442
143256
80
130765
4059
18330
98310
82037
85760
12998
64483
159434
23051
47337
16937
187996
27278
146928
50893
78499
135433
157726
115097
60449
2142
56696
187224
21391
49994
57399
67234
37130
171537
70474
26345
109048
129384
179302
199991
51040
191724
124515
42896
193758
29382
158225
126761
102180
160993
117134
29191
50026
119537
11418
173035
59629
98465
60232
122171
154815
24632
64626
97174
127414
84364
10746
105133
89219
70701
197192
53275
33941
87671
52222
140407
200020
18794
152782
101386
173503
87107
8706
23390
121272
23335
119403
18784
47478
119333
39465
2417
188717
155219
37045
179755
109502
26398
95533
50004
47699
191576
182047
41544
146233
100311
110979
118566
39021
196746
162307
16380
152648
203479
126705
61991
87890
108723
66170
135934
80766
11512
122641
156657
200818
58275
168600
34462
145657
159454
201473
55236
160944
6132
54383
47541
841
176875
145347
67956
182381
148025
181032
167156
189003
147808
176955
202295
199513
67525
111566
198639
18009
40769
170754
135301
114529
157743
90108
174677
118319
21550
73837
53471
102313
12051
132370
81857
111977
44557
105657
104002
109347
150149
135411
92911
139118
71553
153221
69887
95171
73785
195614
39068
185952
71495
14733
46851
82255
103271
114347
91375
200541
185799
154744
43431
158252
180152
152750
153691
7944
185277
96795
36172
190543
136254
20421
133490
63410
87884
152852
19788
133278
30788
106653
203479
173378
11513
164010
163641
117796
93241
171866
93768
151142
189815
139252
184313
167176
82992
92407
13535
1722
4479
17474
189520
199507
86491
65765
164859
151077
158657
62665
153857
25747
39621
11391
65814
7720
37395
137343
155438
169965
100582
139428
51711
168148
183472
7967
15674
167575
29833
87243
163236
131883
101229
32352
62039
103756
85345
124321
141268
203479
97130
137203
203064
203479
54053
192903
21166
105119
101830
131163
86246
122159
36079
74473